wavelength	30 K 	40 K 	50 K 	60 K 	70 K 	80 K 	90 K 	100 K 	150 K 	200 K 	250 K 	295 K
1.1 microns 3.51113 3.51123 3.51146 3.51181 3.51229 3.51288 3.51358 3.51439 3.51979 3.52703 3.53555 3.54394
1.2 microns 3.49071 3.49080 3.49103 3.49137 3.49183 3.49241 3.49309 3.49387 3.49910 3.50610 3.51437 3.52253
1.3 microns 3.47508 3.47518 3.47540 3.47574 3.47619 3.47675 3.47741 3.47817 3.48327 3.49011 3.49818 3.50616
1.4 microns 3.46285 3.46295 3.46317 3.46350 3.46394 3.46449 3.46514 3.46589 3.47089 3.47759 3.48551 3.49335
1.5 microns 3.45309 3.45319 3.45340 3.45373 3.45417 3.45471 3.45535 3.45609 3.46100 3.46760 3.47540 3.48314
2.0 microns 3.42478 3.42488 3.42508 3.42540 3.42582 3.42633 3.42695 3.42765 3.43234 3.43863 3.44609 3.45352
2.5 microns 3.41196 3.41206 3.41226 3.41257 3.41298 3.41348 3.41408 3.41477 3.41936 3.42552 3.43283 3.44011
3.0 microns 3.40509 3.40518 3.40538 3.40569 3.40609 3.40659 3.40718 3.40786 3.41240 3.41849 3.42572 3.43293
3.5 microns 3.40100 3.40109 3.40128 3.40158 3.40198 3.40248 3.40307 3.40374 3.40826 3.41430 3.42148 3.42864
4.0 microns 3.39837 3.39846 3.39866 3.39895 3.39935 3.39984 3.40042 3.40110 3.40560 3.41162 3.41877 3.42589
4.5 microns 3.39661 3.39669 3.39688 3.39718 3.39757 3.39806 3.39864 3.39931 3.40381 3.40982 3.41694 3.42404
5.0 microns 3.39537 3.39546 3.39564 3.39593 3.39632 3.39681 3.39739 3.39806 3.40256 3.40855 3.41566 3.42274
5.5 microns 3.39449 3.39457 3.39475 3.39504 3.39542 3.39591 3.39649 3.39716 3.40166 3.40765 3.41474 3.42180